16
16
7 7 7 7 7 7 7 7 7 7 7 7 7 7 7 7
7 7 7 7 7 7 7 7 7 7 7 7 7 7 7 7
7 7 7 7 7 7 7 7 7 7 7 7 7 7 7 7
7 7 7 7 7 7 7 7 7 7 7 7 7 7 7 7
7 7 7 7 7 7 6 6 7 7 7 7 7 7 7 7
7 7 7 7 7 6 6 6 4 7 7 7 7 6 7 7
7 7 7 7 7 6 4 2 4 7 7 7 4 6 6 7
7 7 7 7 7 7 4 2 7 7 7 7 2 4 7 7
7 7 7 7 7 7 7 7 2 7 7 2 7 7 7 7
7 7 7 6 4 7 7 7 4 7 2 7 7 7 7 7
7 7 6 6 4 2 7 4 6 6 4 7 7 7 7 7
7 7 7 6 7 7 2 7 6 6 7 7 7 7 7 7
7 7 7 7 7 7 2 2 4 7 7 7 7 7 7 7
7 7 7 7 7 7 7 2 2 7 7 7 7 7 7 7
7 7 7 7 7 7 7 7 2 2 7 7 7 7 7 7
7 7 7 7 7 7 7 7 2 7 7 7 7 7 7 7
